153665.63146 35777.08764 -35777.08764 -71554.17528 -100000.00000 0.00000 0.00000 0.00000 0.00000 0.00000 -17888.54382 35777.08764 0.00000 0.00000
35777.08764 214662.52584 -71554.17528 -143108.35056 0.00000 0.00000 0.00000 0.00000 0.00000 0.00000 35777.08764 -71554.17528 0.00000 0.00000
-35777.08764 -71554.17528 153665.63146 35777.08764 -17888.54382 35777.08764 -100000.00000 0.00000 0.00000 0.00000 0.00000 0.00000 0.00000 0.00000
-71554.17528 -143108.35056 35777.08764 214662.52584 35777.08764 -71554.17528 0.00000 0.00000 0.00000 0.00000 0.00000 0.00000 0.00000 0.00000
-100000.00000 0.00000 -17888.54382 35777.08764 235777.08764 0.00000 -17888.54382 -35777.08764 -100000.00000 0.00000 0.00000 0.00000 0.00000 0.00000
0.00000 0.00000 35777.08764 -71554.17528 0.00000 143108.35056 -35777.08764 -71554.17528 0.00000 0.00000 0.00000 0.00000 0.00000 0.00000
0.00000 0.00000 -100000.00000 0.00000 -17888.54382 -35777.08764 235777.08764 0.00000 -17888.54382 35777.08764 0.00000 0.00000 -100000.00000 0.00000
0.00000 0.00000 0.00000 0.00000 -35777.08764 -71554.17528 0.00000 143108.35056 35777.08764 -71554.17528 0.00000 0.00000 0.00000 0.00000
0.00000 0.00000 0.00000 0.00000 -100000.00000 0.00000 -17888.54382 35777.08764 135777.08764 0.00000 0.00000 0.00000 -17888.54382 -35777.08764
0.00000 0.00000 0.00000 0.00000 0.00000 0.00000 35777.08764 -71554.17528 0.00000 143108.35056 0.00000 0.00000 -35777.08764 -71554.17528
-17888.54382 35777.08764 0.00000 0.00000 0.00000 0.00000 0.00000 0.00000 0.00000 0.00000 17888.54382 -35777.08764 0.00000 0.00000
35777.08764 -71554.17528 0.00000 0.00000 0.00000 0.00000 0.00000 0.00000 0.00000 0.00000 -35777.08764 71554.17528 0.00000 0.00000
0.00000 0.00000 0.00000 0.00000 0.00000 0.00000 -100000.00000 0.00000 -17888.54382 -35777.08764 0.00000 0.00000 117888.54382 35777.08764
0.00000 0.00000 0.00000 0.00000 0.00000 0.00000 0.00000 0.00000 -35777.08764 -71554.17528 0.00000 0.00000 35777.08764 71554.17528